% latex table generated in R 4.0.0 by xtable 1.8-4 package
% Wed Oct 20 15:39:23 2021
\begin{table}[ht]
\centering
\begin{tabular}{rrrrrrrrrrrrrrrrr}
  \hline
 & lm & glm & rf & xgbDART & xgbLinear & xgbTree & lmStepAIC & monmlp & gcvEarth & ppr & svmLinear & svmRadial & knn & icr & gaussprLinear & rpart \\ 
  \hline
lm & 1.00 & 1.00 & 0.26 & 0.31 & -0.52 & -0.68 & 1.00 & 0.69 & -0.26 & 0.05 & 0.19 & 0.47 & 0.45 & 0.09 & 1.00 & 0.34 \\ 
  glm & 1.00 & 1.00 & 0.26 & 0.31 & -0.52 & -0.68 & 1.00 & 0.69 & -0.26 & 0.05 & 0.19 & 0.47 & 0.45 & 0.09 & 1.00 & 0.34 \\ 
  rf & 0.26 & 0.26 & 1.00 & -0.67 & -0.40 & -0.47 & 0.25 & 0.29 & -0.09 & 0.28 & 0.15 & 0.15 & -0.01 & -0.45 & 0.26 & -0.24 \\ 
  xgbDART & 0.31 & 0.31 & -0.67 & 1.00 & 0.06 & -0.28 & 0.31 & 0.16 & -0.11 & 0.10 & -0.32 & 0.32 & 0.22 & 0.40 & 0.31 & 0.27 \\ 
  xgbLinear & -0.52 & -0.52 & -0.40 & 0.06 & 1.00 & 0.50 & -0.49 & -0.35 & 0.47 & 0.07 & -0.06 & -0.70 & -0.63 & 0.11 & -0.52 & -0.45 \\ 
  xgbTree & -0.68 & -0.68 & -0.47 & -0.28 & 0.50 & 1.00 & -0.68 & -0.35 & 0.55 & -0.14 & 0.33 & -0.53 & -0.46 & 0.19 & -0.68 & 0.01 \\ 
  lmStepAIC & 1.00 & 1.00 & 0.25 & 0.31 & -0.49 & -0.68 & 1.00 & 0.67 & -0.26 & 0.05 & 0.20 & 0.45 & 0.44 & 0.08 & 1.00 & 0.30 \\ 
  monmlp & 0.69 & 0.69 & 0.29 & 0.16 & -0.35 & -0.35 & 0.67 & 1.00 & 0.25 & 0.44 & 0.49 & 0.28 & 0.32 & 0.23 & 0.69 & 0.44 \\ 
  gcvEarth & -0.26 & -0.26 & -0.09 & -0.11 & 0.47 & 0.55 & -0.26 & 0.25 & 1.00 & 0.58 & 0.56 & -0.19 & -0.63 & 0.07 & -0.25 & 0.13 \\ 
  ppr & 0.05 & 0.05 & 0.28 & 0.10 & 0.07 & -0.14 & 0.05 & 0.44 & 0.58 & 1.00 & 0.24 & 0.30 & -0.47 & -0.21 & 0.05 & -0.03 \\ 
  svmLinear & 0.19 & 0.19 & 0.15 & -0.32 & -0.06 & 0.33 & 0.20 & 0.49 & 0.56 & 0.24 & 1.00 & -0.24 & -0.02 & 0.01 & 0.20 & 0.16 \\ 
  svmRadial & 0.47 & 0.47 & 0.15 & 0.32 & -0.70 & -0.53 & 0.45 & 0.28 & -0.19 & 0.30 & -0.24 & 1.00 & 0.22 & -0.26 & 0.47 & 0.61 \\ 
  knn & 0.45 & 0.45 & -0.01 & 0.22 & -0.63 & -0.46 & 0.44 & 0.32 & -0.63 & -0.47 & -0.02 & 0.22 & 1.00 & 0.16 & 0.46 & 0.41 \\ 
  icr & 0.09 & 0.09 & -0.45 & 0.40 & 0.11 & 0.19 & 0.08 & 0.23 & 0.07 & -0.21 & 0.01 & -0.26 & 0.16 & 1.00 & 0.09 & 0.03 \\ 
  gaussprLinear & 1.00 & 1.00 & 0.26 & 0.31 & -0.52 & -0.68 & 1.00 & 0.69 & -0.25 & 0.05 & 0.20 & 0.47 & 0.46 & 0.09 & 1.00 & 0.34 \\ 
  rpart & 0.34 & 0.34 & -0.24 & 0.27 & -0.45 & 0.01 & 0.30 & 0.44 & 0.13 & -0.03 & 0.16 & 0.61 & 0.41 & 0.03 & 0.34 & 1.00 \\ 
   \hline
\end{tabular}
\end{table}
