% latex table generated in R 4.0.0 by xtable 1.8-4 package
% Fri Oct 15 19:56:34 2021
\begin{table}[ht]
\centering
\begin{tabular}{rrrrrrrrrrrrrr}
  \hline
 & lm & rf & xgbDART & xgbTree & glm & lmStepAIC & monmlp & gcvEarth & ppr & svmLinear & svmRadial & knn & xgbLinear \\ 
  \hline
lm & 1.00 & 0.36 & -0.32 & 0.23 & 1.00 & 1.00 & -0.07 & 0.63 & 0.29 & 0.78 & 0.41 & 0.44 & -0.44 \\ 
  rf & 0.36 & 1.00 & 0.05 & 0.79 & 0.36 & 0.36 & 0.70 & 0.45 & 0.82 & 0.30 & 0.86 & 0.87 & 0.02 \\ 
  xgbDART & -0.32 & 0.05 & 1.00 & -0.10 & -0.32 & -0.32 & 0.24 & -0.24 & -0.04 & -0.14 & -0.11 & -0.12 & 0.44 \\ 
  xgbTree & 0.23 & 0.79 & -0.10 & 1.00 & 0.23 & 0.23 & 0.56 & 0.52 & 0.64 & 0.27 & 0.66 & 0.59 & -0.08 \\ 
  glm & 1.00 & 0.36 & -0.32 & 0.23 & 1.00 & 1.00 & -0.07 & 0.63 & 0.29 & 0.78 & 0.41 & 0.44 & -0.44 \\ 
  lmStepAIC & 1.00 & 0.36 & -0.32 & 0.23 & 1.00 & 1.00 & -0.07 & 0.63 & 0.29 & 0.78 & 0.41 & 0.44 & -0.44 \\ 
  monmlp & -0.07 & 0.70 & 0.24 & 0.56 & -0.07 & -0.07 & 1.00 & 0.23 & 0.77 & 0.06 & 0.53 & 0.58 & 0.33 \\ 
  gcvEarth & 0.63 & 0.45 & -0.24 & 0.52 & 0.63 & 0.63 & 0.23 & 1.00 & 0.60 & 0.56 & 0.54 & 0.52 & -0.32 \\ 
  ppr & 0.29 & 0.82 & -0.04 & 0.64 & 0.29 & 0.29 & 0.77 & 0.60 & 1.00 & 0.24 & 0.79 & 0.81 & 0.10 \\ 
  svmLinear & 0.78 & 0.30 & -0.14 & 0.27 & 0.78 & 0.78 & 0.06 & 0.56 & 0.24 & 1.00 & 0.24 & 0.18 & -0.30 \\ 
  svmRadial & 0.41 & 0.86 & -0.11 & 0.66 & 0.41 & 0.41 & 0.53 & 0.54 & 0.79 & 0.24 & 1.00 & 0.88 & 0.03 \\ 
  knn & 0.44 & 0.87 & -0.12 & 0.59 & 0.44 & 0.44 & 0.58 & 0.52 & 0.81 & 0.18 & 0.88 & 1.00 & -0.12 \\ 
  xgbLinear & -0.44 & 0.02 & 0.44 & -0.08 & -0.44 & -0.44 & 0.33 & -0.32 & 0.10 & -0.30 & 0.03 & -0.12 & 1.00 \\ 
   \hline
\end{tabular}
\end{table}
